   5.6300000e+05
   7.5900000e+06
   1.7080000e+06
   2.1420000e+06
   3.3230000e+06
   6.1970000e+06
   1.9850000e+06
   1.3160000e+06
   1.8240000e+06
   4.7200000e+05
   1.3460000e+06
   6.0290000e+06
   2.6700000e+06
   2.0940000e+06
   2.4640000e+06
   1.0090000e+06
   1.4750000e+06
   8.5600000e+05
   3.0270000e+06
   4.2710000e+06
   3.1260000e+06
   1.1150000e+06
   2.6910000e+06
   4.2530000e+06
   1.8380000e+06
   8.2800000e+05
   2.4030000e+06
   7.4200000e+05
   1.0170000e+06
   6.1300000e+05
   3.1850000e+06
   2.5990000e+06
   2.2270000e+06
   8.9600000e+05
   9.7500000e+05
   1.3580000e+06
   2.6400000e+05
   1.3750000e+06
   2.0160000e+06
   4.5200000e+05
   3.2920000e+06
   5.3800000e+05
   1.4710000e+06
   9.3130000e+06
   8.6400000e+05
   4.7000000e+05
   2.9930000e+06
   5.2100000e+05
   1.1440000e+06
   2.2120000e+06
   2.2120000e+06
   2.3310000e+06
   2.6160000e+06
   2.4450000e+06
   1.9270000e+06
   8.0800000e+05
   1.9630000e+06
   8.9800000e+05
   2.7640000e+06
   2.0730000e+06
   5.0000000e+05
   1.7400000e+06
   8.5920000e+06
   1.0856000e+07
   2.8180000e+06
   2.2840000e+06
   1.4190000e+06
   1.3280000e+06
   1.3290000e+06
   1.4790000e+06
   3.0840000e+06
